match index masker
[0.66128443 0.80214057]
Unknown
Unknown
[0.58545243 0.7223819 ]
ILHAM
[0.55291593 0.7077599 ]
ILHAM
[0.64596011 0.75269338]
Unknown
Unknown
[0.72066899 0.79846689]
Unknown

match index kaca mata
ILHAM
[0.53883801 0.56019186]
ILHAM
[0.56166801 0.57110451]
ILHAM
[0.50887604 0.56898426]
ILHAM
[0.46060608 0.57946347]
ILHAM



[0.83737881 0.69071588 0.6589887  0.79926169]
Unknown
[0.73455267 0.52587446 0.46360937 0.65740868]
ISWAN
[0.76268989 0.58293889 0.46192055 0.64567253]
ISWAN
[0.73601723 0.57485139 0.4587266  0.68717585]
ISWAN
[0.73550086 0.59847422 0.4864577  0.68345007]
ISWAN
[0.70729437 0.56191518 0.71354504 0.63130933]
ILHAM
[0.75553528 0.33810616 0.57969983 0.70581404]
ILHAM
[0.74282596 0.38973287 0.56262905 0.68116205]
ILHAM
[0.67849778 0.5924523  0.50128786 0.68042383]
ISWAN
[0.71567241 0.81734432 0.82808397 0.7789038 ]
Unknown
[0.71678441 0.66587421 0.60183189 0.64887573]
Unknown
[0.8358049  0.86379009 0.82954927 0.84762677]
Unknown
[0.7537193  0.89716846 0.83644045 0.75849588]
Unknown
[0.72681547 0.39781375 0.61587851 0.68428589]
ILHAM
[0.71061574 0.54584989 0.41030819 0.66060976]
ISWAN
[0.73746819 0.58292594 0.47136792 0.6433359 ]
ISWAN
[0.73691118 0.55089067 0.4886235  0.65165225]
ISWAN
[0.84147012 0.76854842 0.76760145 0.84111284]
Unknown
[0.73857569 0.58973966 0.48772541 0.73528374]
ISWAN
[0.75714716 0.53035391 0.74804598 0.67641326]
ILHAM
[0.71889802 0.39228332 0.63011196 0.69746387]
ILHAM
[0.72299577 0.55181235 0.48429815 0.63714233]
ISWAN
[0.70986527 0.65260319 0.55733847 0.66605061]
ISWAN
[0.70870074 0.54847896 0.45273297 0.63707193]
ISWAN
[0.73022506 0.59342459 0.48778429 0.64784378]
ISWAN
[0.69909711 0.5121452  0.44905414 0.65892141]
ISWAN
[0.68851781 0.49901378 0.43989292 0.64130472]
ISWAN
[0.70498742 0.53962981 0.4497217  0.65067059]
ISWAN
[0.68396234 0.51652754 0.4458223  0.65758451]
ISWAN
[0.68306967 0.50966437 0.4551545  0.63519055]
ISWAN
[0.67911751 0.50584601 0.44357487 0.67362488]
ISWAN
[0.72751348 0.60867565 0.48587555 0.66912751]
ISWAN
[0.67269738 0.5827077  0.51093502 0.66094192]
ISWAN
[0.66518547 0.5203048  0.48117755 0.63526078]
ISWAN
[0.66039425 0.56478452 0.48741953 0.64271294]
ISWAN
[0.69419079 0.50606932 0.47880992 0.66195724]
ISWAN
[0.71552965 0.60224153 0.47211073 0.63845687]
ISWAN
[0.69458092 0.50736692 0.46461893 0.63299593]
ISWAN
[0.73170805 0.75347857 0.59591845 0.73593289]
ISWAN
[0.73194486 0.6932137  0.53234918 0.76170693]
ISWAN
[0.74797273 0.75603294 0.62551114 0.76798573]
Unknown
[0.775128   0.69746081 0.61579451 0.73673371]
Unknown
[0.65065202 0.63229544 0.52339497 0.64766112]
ISWAN